
min =

    0.7985
    0.6163
    0.4181
    0.4630

