
A =

     8     2
     2    11


eigen_B =

     0
     5


eigen_A =

     7
    12


A =

     5     4
     4    11


eigen_B =

     0
     5


eigen_A =

     3
    13

