echo on
diary HW2prob1.txt

% Define objective function
c = [6.72 3.19 2.69 7.29 1.19]

% Define constraints
A = [-590 -170 -140 -310 -150;
     -46 -10 -18 -30 -39;
     -25 -9 -2 -17 0;
     34 10 8 13 0;
     85 25 0 250 0;
     1050 340 310 770 40]
b = [-2000; -275; -50; 78; 300; 2300]
