
x =

      0.24475
      0.29262
            0
            0
      0.25387
      0.45445
      0.61817
            0
            0
            0
      0.34997
       1.0501
       1.0464
            0
      0.46438
            0
            0
     0.082849
            0
            0

n =

    20

m =

    10

xq =

      0.24475
      0.29262
   3.2607e-07
   5.0835e-07
      0.25388
      0.45446
      0.61817
   6.7043e-07
   2.4413e-07
   1.2683e-06
      0.34997
       1.0501
       1.0464
   5.6981e-06
      0.46438
   4.4902e-07
   6.0854e-07
     0.082852
   4.4458e-07
   1.8249e-06


y =

     -0.67718
     -0.82521
      0.69098
      -1.8955
    -0.010112
       1.5529
      0.75093
      0.55558
       -1.167
        1.094


z =

   7.0945e-06
   5.4929e-06
       5.0618
       3.6967
   6.3479e-06
   3.5561e-06
   2.6335e-06
       2.4747
       6.7728
       1.2864
   4.6201e-06
   1.5407e-06
   1.5538e-06
      0.29684
    2.064e-06
       3.7555
        2.812
   1.9234e-05
       3.7084
      0.97669


k =

    64


eps_min =

          0.1


eps_max =

          0.9


delta =

          0.5

